Rectangle: (0,0):(120,120)
Rectangle: (40,0):(80,40)
Rectangle: (45,20):(55,30)
Rectangle: (60,0):(70,25)
Polygon: 3 (40,40) (80,40) (60,60)
Polygon: 4 (70,50) (70,60) (74,60) (74,47)
Polygon: 4 (45,20) (45,25) (50,25) (50,20)
Rectangle: (50,20):(55,25)
Rectangle: (45,25):(50,30)
Rectangle: (50,25):(55,30)
Composite: 5 {Line: (150.823,73.887):(150.823,73.8934) Line: (150.82,73.8902):(150.826,73.8902) Line: (150.82,73.888):(150.825,73.8927) Line: (150.82,73.8927):(150.825,73.888) Circle: (150.823,73.8902) 0.0015874}
Rectangle: (0,0):(120,5)
Rectangle: (150,100):(270,220)
Rectangle: (190,100):(230,140)
Rectangle: (195,120):(205,130)
Rectangle: (210,100):(220,125)
Polygon: 3 (190,140) (230,140) (210,160)
Polygon: 4 (220,150) (220,160) (224,160) (224,147)
Polygon: 4 (195,120) (195,125) (200,125) (200,120)
Rectangle: (200,120):(205,125)
Rectangle: (195,125):(200,130)
Rectangle: (200,125):(205,130)
Composite: 5 {Line: (150.823,73.887):(150.823,73.8934) Line: (150.82,73.8902):(150.826,73.8902) Line: (150.82,73.888):(150.825,73.8927) Line: (150.82,73.8927):(150.825,73.888) Circle: (150.823,73.8902) 0.0015874}
Rectangle: (150,100):(270,105)
Rectangle: (135.355,135.355):(225.355,225.355)
Rectangle: (165.355,135.355):(195.355,165.355)
Rectangle: (169.105,150.355):(176.605,157.855)
Rectangle: (180.355,135.355):(187.855,154.105)
Polygon: 3 (165.355,165.355) (195.355,165.355) (180.355,180.355)
Polygon: 4 (187.855,172.855) (187.855,180.355) (190.855,180.355) (190.855,170.605)
Polygon: 4 (169.105,150.355) (169.105,154.105) (172.855,154.105) (172.855,150.355)
Rectangle: (172.855,150.355):(176.605,154.105)
Rectangle: (169.105,154.105):(172.855,157.855)
Rectangle: (172.855,154.105):(176.605,157.855)
Composite: 5 {Line: (150.823,73.887):(150.823,73.8934) Line: (150.82,73.8902):(150.826,73.8902) Line: (150.82,73.888):(150.825,73.8927) Line: (150.82,73.8927):(150.825,73.888) Circle: (150.823,73.8902) 0.0015874}
Rectangle: (135.355,135.355):(225.355,139.105)
Rectangle: (100,150):(167.5,217.5)
Rectangle: (122.5,150):(145,172.5)
Rectangle: (125.313,161.25):(130.938,166.875)
Rectangle: (133.75,150):(139.375,164.062)
Polygon: 3 (122.5,172.5) (145,172.5) (133.75,183.75)
Polygon: 4 (139.375,178.125) (139.375,183.75) (141.625,183.75) (141.625,176.437)
Polygon: 4 (125.313,161.25) (125.313,164.062) (128.125,164.062) (128.125,161.25)
Rectangle: (128.125,161.25):(130.938,164.062)
Rectangle: (125.313,164.062):(128.125,166.875)
Rectangle: (128.125,164.062):(130.938,166.875)
Composite: 5 {Line: (150.823,73.887):(150.823,73.8934) Line: (150.82,73.8902):(150.826,73.8902) Line: (150.82,73.888):(150.825,73.8927) Line: (150.82,73.8927):(150.825,73.888) Circle: (150.823,73.8902) 0.0015874}
Rectangle: (100,150):(167.5,152.812)
Rectangle: (64.6447,135.355):(115.27,185.98)
Rectangle: (81.5197,135.355):(98.3947,152.23)
Rectangle: (83.6291,143.793):(87.8479,148.012)
Rectangle: (89.9572,135.355):(94.176,145.902)
Polygon: 3 (81.5197,152.23) (98.3947,152.23) (89.9572,160.668)
Polygon: 4 (94.176,156.449) (94.176,160.668) (95.8635,160.668) (95.8635,155.184)
Polygon: 4 (83.6291,143.793) (83.6291,145.902) (85.7385,145.902) (85.7385,143.793)
Rectangle: (85.7385,143.793):(87.8479,145.902)
Rectangle: (83.6291,145.902):(85.7385,148.012)
Rectangle: (85.7385,145.902):(87.8479,148.012)
Composite: 5 {Line: (150.823,73.887):(150.823,73.8934) Line: (150.82,73.8902):(150.826,73.8902) Line: (150.82,73.888):(150.825,73.8927) Line: (150.82,73.8927):(150.825,73.888) Circle: (150.823,73.8902) 0.0015874}
Rectangle: (64.6447,135.355):(115.27,137.465)
Rectangle: (50,100):(87.9688,137.969)
Rectangle: (62.6563,100):(75.3125,112.656)
Rectangle: (64.2383,106.328):(67.4023,109.492)
Rectangle: (68.9844,100):(72.1484,107.91)
Polygon: 3 (62.6563,112.656) (75.3125,112.656) (68.9844,118.985)
Polygon: 4 (72.1484,115.82) (72.1484,118.985) (73.4141,118.985) (73.4141,114.871)
Polygon: 4 (64.2383,106.328) (64.2383,107.91) (65.8203,107.91) (65.8203,106.328)
Rectangle: (65.8203,106.328):(67.4023,107.91)
Rectangle: (64.2383,107.91):(65.8203,109.492)
Rectangle: (65.8203,107.91):(67.4023,109.492)
Composite: 5 {Line: (150.823,73.887):(150.823,73.8934) Line: (150.82,73.8902):(150.826,73.8902) Line: (150.82,73.888):(150.825,73.8927) Line: (150.82,73.8927):(150.825,73.888) Circle: (150.823,73.8902) 0.0015874}
Rectangle: (50,100):(87.9688,101.582)
Rectangle: (64.6445,64.6448):(93.1211,93.1213)
Rectangle: (74.1367,64.6448):(83.6289,74.137)
Rectangle: (75.3233,69.3909):(77.6963,71.7639)
Rectangle: (78.8828,64.6448):(81.2559,70.5774)
Polygon: 3 (74.1367,74.137) (83.6289,74.137) (78.8828,78.8831)
Polygon: 4 (81.2559,76.51) (81.2559,78.8831) (82.2051,78.8831) (82.2051,75.7981)
Polygon: 4 (75.3233,69.3909) (75.3233,70.5774) (76.5098,70.5774) (76.5098,69.3909)
Rectangle: (76.5098,69.3909):(77.6963,70.5774)
Rectangle: (75.3233,70.5774):(76.5098,71.7639)
Rectangle: (76.5098,70.5774):(77.6963,71.7639)
Composite: 5 {Line: (150.823,73.887):(150.823,73.8934) Line: (150.82,73.8902):(150.826,73.8902) Line: (150.82,73.888):(150.825,73.8927) Line: (150.82,73.8927):(150.825,73.888) Circle: (150.823,73.8902) 0.0015874}
Rectangle: (64.6445,64.6448):(93.1211,65.8313)
Rectangle: (99.9998,50):(121.357,71.3574)
Rectangle: (107.119,50):(114.238,57.1191)
Rectangle: (108.009,53.5596):(109.789,55.3394)
Rectangle: (110.679,50):(112.458,54.4495)
Polygon: 3 (107.119,57.1191) (114.238,57.1191) (110.679,60.6787)
Polygon: 4 (112.458,58.8989) (112.458,60.6787) (113.17,60.6787) (113.17,58.365)
Polygon: 4 (108.009,53.5596) (108.009,54.4495) (108.899,54.4495) (108.899,53.5596)
Rectangle: (108.899,53.5596):(109.789,54.4495)
Rectangle: (108.009,54.4495):(108.899,55.3394)
Rectangle: (108.899,54.4495):(109.789,55.3394)
Composite: 5 {Line: (150.823,73.887):(150.823,73.8934) Line: (150.82,73.8902):(150.826,73.8902) Line: (150.82,73.888):(150.825,73.8927) Line: (150.82,73.8927):(150.825,73.888) Circle: (150.823,73.8902) 0.0015874}
Rectangle: (99.9998,50):(121.357,50.8899)
Rectangle: (135.355,64.6445):(151.373,80.6626)
Rectangle: (140.695,64.6445):(146.034,69.9839)
Rectangle: (141.362,67.3142):(142.697,68.649)
Rectangle: (143.364,64.6445):(144.699,67.9816)
Polygon: 3 (140.695,69.9839) (146.034,69.9839) (143.364,72.6535)
Polygon: 4 (144.699,71.3187) (144.699,72.6535) (145.233,72.6535) (145.233,70.9182)
Polygon: 4 (141.362,67.3142) (141.362,67.9816) (142.029,67.9816) (142.029,67.3142)
Rectangle: (142.029,67.3142):(142.697,67.9816)
Rectangle: (141.362,67.9816):(142.029,68.649)
Rectangle: (142.029,67.9816):(142.697,68.649)
Composite: 5 {Line: (150.823,73.887):(150.823,73.8934) Line: (150.82,73.8902):(150.826,73.8902) Line: (150.82,73.888):(150.825,73.8927) Line: (150.82,73.8927):(150.825,73.888) Circle: (150.823,73.8902) 0.0015874}
Rectangle: (135.355,64.6445):(151.373,65.3119)
